20
56
 0  4 0.1
 4  0 0.1
 1  5 0.1
 5  1 0.1
 2  6 0.1
 6  2 0.1
 3  7 0.1
 7  3 0.1
 4  8 0.2 
 8  4 0.2
 8  9 0.3
 9  8 0.3
 9  5 0.7
 5  9 0.7
 5 10 0.2
10  5 0.2
10 11 0.4
11 10 0.4
11  6 0.6
 6 11 0.6
 6 12 0.7
12  6 0.7
12 13 0.8
13 12 0.8
13  7 1.2
 7 13 1.2
 7 14 0.1
14  7 0.1
14 15 0.7
15 14 0.7
15  4 0.8
 4 15 0.8
 8 16 0.4
16  8 0.4 
 9 17 0.3
17  9 0.3
10 17 0.2
17 10 0.2
11 18 0.5
18 11 0.5
12 18 0.4
18 12 0.4
13 19 0.6
19 13 0.6
14 19 0.4
19 14 0.4
15 16 0.4 
16 15 0.4
16 17 1.4
17 16 1.4
17 18 0.5 
18 17 0.5
18 19 1.2
19 18 1.2
19 16 0.7
16 19 0.7